../../.git/annex/objects/J4/p0/MD5E-s409--5bb363d660c3016ba40dda79163eae92.csv/MD5E-s409--5bb363d660c3016ba40dda79163eae92.csv