../../.git/annex/objects/Pj/wJ/MD5E-s411--f5aa40899260927398af08daf87fee77.csv/MD5E-s411--f5aa40899260927398af08daf87fee77.csv